utarget = 0.06412234744773654;
bstar = 0.7458696332644086;
taustar = 0.2480149098234956;